Var7
Stal_45
0
48
104
0
16
0,6.3,0,0,0,0,0,0,0,0,0,0,
1,3.2,0,0,0,0,0,0,0,0,2,0,
0,6.3,0,0,0,0,0,0,0,0,0,0,
0,6.3,0,0,0,0,0,0,0,0,0,0,
0,6.3,0,0,0,0,0,0,0,0,0,0,
0,6.3,0,0,0,0,0,0,0,0,0,0,
0,6.3,0,0,0,0,0,0,0,0,0,0,
0,6.3,0,0,0,0,0,0,0,0,0,0,
0,6.3,0,0,0,0,0,0,0,0,0,0,
0,6.3,0,0,0,0,0,0,0,0,0,0,
0,6.3,0,0,0,0,0,0,0,0,0,0,
1,3.2,0,0,0,0,0,0,0,0,2,0,
0,6.3,0,0,0,0,0,0,0,0,0,0,
0,6.3,0,0,0,0,0,0,0,0,0,0,
0,3.2,0,0,0,0,0,0,0,0,0,0,
0,6.3,0,0,0,0,0,0,0,0,0,0,
G0X19.04Z100
G1X22.5Z94
G1X22.5Z67.5
G1X20Z65
G1X20Z62
G2X22Z60I2K0
G1X22.5Z60
G1X22.5Z40
G1X22Z40
G2X20Z38I0K-2сс
G1X20Z35
G1X22.5Z32.5
G1X22.5Z6
G1X19.04Z0
G1X11Z0
G1X11Z100
G1X19.04Z100