Var12-12
Stal_45
0
51
49
0
13
0,6.3,0,0,0,0,0,0,0,0,0,0,
1,3.2,0,0,0,0,45,27,14,1,2,0,
0,6.3,0,0,0,0,0,0,0,0,0,0,
0,6.3,0,0,0,0,0,0,0,0,0,0,
0,6.3,0,0,0,0,0,0,0,0,0,0,
0,6.3,0,0,0,0,0,0,0,0,0,0,
0,6.3,0,0,0,0,0,0,0,0,0,0,
0,6.3,0,0,0,0,0,0,0,0,0,8,
0,6.3,0,0,0,0,0,0,0,0,0,0,
0,6.3,0,0,0,0,0,0,0,0,0,0,
0,3.2,0,0,0,0,0,0,0,0,0,0,
0,6.3,0,0,0,0,0,0,0,0,0,0,
0,6.3,0,0,0,0,0,0,0,0,0,0,
G0X11.5Z45
G1X13.5Z43
G1X13.5Z33
G1X11.5Z31
G1X11.5Z30
G2X13.5Z28I2K0
G1X14Z28
G3X24Z18I0K-10
G1X24Z8
G1X15Z8
G1X15Z0
G1X6Z0
G1X6Z45
G1X11.5Z45