Var16
Stal_45
0
50
54
0
13
0,6.3,0,0,0,0,0,0,0,0,0,0,
1,3.2,0,0,0,0,0,0,0,0,2,0,
0,6.3,0,0,0,0,0,0,0,0,0,0,
0,6.3,0,0,0,0,0,0,0,0,0,0,
0,6.3,0,0,0,0,0,0,0,0,0,0,
0,6.3,0,0,0,0,0,0,0,0,0,0,
0,6.3,0,0,0,0,0,0,0,0,0,0,
0,6.3,0,0,0,0,0,0,0,0,0,0,
0,6.3,0,0,0,0,0,0,0,0,0,0,
0,1.6,0,0,0,0,0,0,0,0,0,0,
0,6.3,0,0,0,0,0,0,0,0,0,0,
0,6.3,0,0,0,0,0,0,0,0,0,0,
0,6.3,0,0,0,0,0,0,0,0,0,0,
G0X16.4Z50
G1X18Z48.4
G1X18Z14
G1X17Z13
G1X17Z11
G2X18Z10I1K0
G1X20Z10
G1X22Z8
G1X24Z10
G1X24Z0
G1X7Z0
G1X7Z38
G1X11Z50
G1X16.4Z50