Var25
Stal_45
0
50
60
0
13
0,6.3,0,0,0,0,0,0,0,0,0,0,
0,3.2,0,0,0,0,0,0,0,0,0,0,
0,3.2,0,0,0,0,0,0,0,0,0,0,
0,6.3,0,0,0,0,0,0,0,0,0,0,
1,3.2,0,0,0,0,0,0,0,0,2,0,
0,6.3,0,0,0,0,0,0,0,0,0,0,
0,6.3,0,0,0,0,0,0,0,0,0,0,
0,6.3,0,0,0,0,0,0,0,0,0,0,
0,6.3,0,0,0,0,0,0,0,0,0,0,
0,6.3,0,0,0,0,0,0,0,0,0,0,
0,6.3,0,0,0,0,0,0,0,0,0,0,
0,3.2,0,0,0,0,0,0,0,0,0,0,
0,6.3,0,0,0,0,0,0,0,0,0,0,
G0X18Z55
G1X20Z53
G1X20Z30.5
G2X22.5Z28I2.5K0
G1X24Z26.5
G1X24Z13.5
G1X22.5Z12
G1X18Z12
G1X18Z0
G1X10Z0
G1X10Z28
G1X13Z40
G1X13Z55
G1X18Z55