Var28
Stal_45
0
52
64
0
17
0,1.6,0,0,0,0,0,0,0,0,0,0,
0,2.5,0,0,0,0,0,0,0,0,0,0,
0,6.3,0,0,0,0,0,0,0,0,0,0,
0,3.2,0,0,0,0,0,0,0,0,0,0,
0,6.3,0,0,0,0,0,0,0,0,0,0,
0,6.3,0,0,0,0,0,0,0,0,0,0,
0,6.3,0,0,0,0,0,0,0,0,0,0,
1,3.2,0,0,0,0,0,0,0,0,2,0,
0,6.3,0,0,0,0,0,0,0,0,0,0,
0,6.3,0,0,0,0,0,0,0,0,0,0,
0,6.3,0,0,0,0,0,0,0,0,0,0,
0,6.3,0,0,0,0,0,0,0,0,0,0,
0,6.3,0,0,0,0,0,0,0,0,0,0,
0,6.3,0,0,0,0,0,0,0,0,0,0,
0,6.3,0,0,0,0,0,0,0,0,0,0,
0,6.3,0,0,0,0,0,0,0,0,0,0,
0,6.3,0,0,0,0,0,0,0,0,0,0,
G0X13.56Z60
G3X25Z39I-13.56K-21
G1X25Z34
G1X18Z34
G1X18Z30
G1X13Z30
G2X10Z27I-3K0
G1X10Z2
G1X8Z0
G1X0Z0
G1X0Z31
G1X6Z35
G1X6Z48
G1X8Z48
G2X10Z50I2K0
G1X10Z58
G1X12Z60
G1X13.56Z60