Var30
Stal_45
0
50
40
0
13
0,6.3,0,0,0,0,0,0,0,0,0,0,
0,6.3,0,0,0,0,0,0,0,0,0,0,
0,6.3,0,0,0,0,0,0,0,0,0,0,
0,6.3,0,0,0,0,0,0,0,0,0,0,
0,6.3,0,0,0,0,0,0,0,0,0,0,
1,3.2,0,0,0,0,0,0,0,0,2,0,
0,6.3,0,0,0,0,0,0,0,0,0,0,
0,6.3,0,0,0,0,0,0,0,0,0,0,
0,6.3,0,0,0,0,0,0,0,0,0,0,
0,6.3,0,0,0,0,0,0,0,0,0,0,
0,1.6,0,0,0,0,0,0,0,0,0,0,
0,1.6,0,0,0,0,0,0,0,0,0,0,
0,6.3,0,0,0,0,0,0,0,0,0,0,
G0X22Z35
G1X24Z33
G1X24Z16
G1X22Z16
G1X22Z11.5
G1X24Z11.5
G1X24Z2
G1X22Z0
G1X6Z0
G1X6Z14.73
G1X7.38Z16.115
G2X20Z25I-7.38K23.89
G1X20Z35
G1X22Z35